-8.066828472132112626e-01 -3.309492552895045847e-01
-1.363301653288498727e+00 -8.746494098620134494e-01
-1.584011245312496596e+00 1.427093229186030321e+00
-1.346894337042590539e+00 1.071126507728130450e+00
-5.624526587901468311e-01 1.052910511865445820e-02
-7.707848407984700945e-01 -4.623352385066835657e-01
7.039932022846322468e-01 1.921360359628924819e+00
-1.579327522384242455e+00 -1.598407821773441206e+00
-4.763724844138017556e-01 7.702555486656949002e-01
-3.140012459482643958e-02 6.559177736852370710e-01
-8.810061299764266884e-01 -9.224202309174924785e-01
2.302198809466760032e-01 4.227805736256661229e-01
-1.196028779528940600e+00 -1.573383088432052546e+00
-4.576177574853621532e-01 7.939557534831277463e-01
3.989166934096504136e-01 1.033945799938737142e+00
-1.527049960582079091e+00 1.020335768010566690e+00
-1.744387813356818029e+00 -1.830132654912829837e+00
-1.556465749226375817e+00 1.200771430321396993e+00
-6.332660914355306980e-01 8.424020117160868626e-01
-1.774236516743782133e+00 -2.098781410626262556e+00
-1.500058096557511655e-01 6.828284916174096608e-01
2.474134661994928930e-01 5.083425013742883802e-01
-6.545268325707510604e-01 -9.912536987793344467e-01
-4.565869944753236931e-01 6.637936174276678480e-01
-2.009552161173050688e+00 1.310827456935899971e+00
-2.032126810450153087e+00 -1.782498420373428427e+00
-1.445434489112655374e+00 1.172441413535281862e+00
-1.595801130910531551e+00 -1.873640531979099189e+00
-2.457636129577871920e+00 1.569961625463987431e+00
-1.489604679601701509e+00 -5.011897503395075226e-01
-8.261009081916174113e-01 -5.077818787673662460e-01
-1.120551248721677107e+00 9.797934992951937705e-01
-1.556785858122497812e+00 -2.222099462853830865e+00
-1.917534475367455915e+00 -2.538796639668397415e+00
-1.343390129754373330e+00 -5.473946634899720110e-01
-1.906990453273576414e+00 1.392714857113230176e+00
1.228767395174200416e+00 1.407976968744261148e-01
-1.264760456908863961e+00 -4.842507611792454814e-01
-1.471736066694022682e-01 5.343875234869047697e-01
-7.391573919672118631e-01 -7.480688839506517418e-01
-3.442406854357258350e-01 7.396344314936451614e-01
-6.534174091062460166e-01 7.936872257120662910e-01
-2.527660358426320197e+00 1.582556439744468690e+00
-3.264920482915877331e-01 8.012098749042326773e-01
-1.042781179717753304e+00 -1.175142852267490046e+00
-2.634575200911851489e+00 -3.576272993498414099e+00
5.803364388551914832e-01 3.248178605760522197e-01
-7.665912215081321923e-01 -9.293824185811206950e-01
-1.223764624058935713e+00 -4.670648715908003457e-01
-1.681236343284823187e+00 1.178052854872919442e+00
-5.841313264778835723e-01 8.448423363001213993e-01
-2.514934047236964787e+00 -3.080899768980472686e+00
-1.443548273541866989e+00 1.189743738650003380e+00
-7.998315082662570408e-01 3.020563027091627273e-01
-2.933078942911008014e+00 -3.226450700318126863e+00
-2.115377254836529275e+00 1.498473518626221468e+00
-1.511461089470878871e+00 1.251768367508732771e+00
1.435892674348593356e-01 5.481155050882048352e-01
-2.008487807975136707e-01 -2.664597625324930386e-01
-1.432728127755371839e+00 1.216144573651197103e+00
-5.888029613704393039e-01 -9.193689361497768830e-01
-2.579572435016926235e+00 1.700138611230312957e+00
-5.733303898760155892e-02 -1.324906553174985957e-01
-1.709467530504055865e+00 1.368568047480716920e+00
-6.137763401708811184e-01 -1.497454327433086485e-01
-1.933861083832992822e+00 -1.704283420986261177e+00
-7.219962944523388160e-01 2.508626117053884830e-01
-8.384632361638995057e-01 9.727460583425672214e-01
-4.450328114914512412e-01 6.955824982975364890e-01
-1.199972660220461229e+00 -5.298938295426258716e-01
-1.521050708002113838e+00 1.281565743223351594e+00
-1.901355482288427101e+00 -3.065890231747760986e+00
-6.753873292241414639e-01 1.065628649290609076e+00
-2.415051185999593564e+00 -2.816545491127641299e+00
-1.616775828647598612e+00 -1.502815035012377676e+00
2.187443826922064183e-01 4.825903556309881770e-01
-6.142055080183740357e-01 8.310409229509070350e-01
-1.033016876819035090e+00 1.210102510434825973e+00
-8.712869440773338692e-01 9.915674991834216856e-01
5.335508620771236554e-01 3.220926910980624891e-01
-2.604234181356223754e+00 -2.968521175009716906e+00
-1.192222831386189563e+00 1.163147809020903090e+00
-1.577512529423564125e+00 1.198916368041195835e+00
-1.307137968723011356e+00 -1.144047005504892134e+00
-7.559722655997790364e-01 -9.061452789044142087e-01
-3.755891863739557746e-02 6.209464238396100733e-01
-7.186135778468711877e-01 3.647784351292508997e-01
4.085352065854785941e-01 3.874661820654669020e-01
-3.310533277930995943e-01 8.418698143017580016e-01
-3.561460008320141757e+00 2.093582928686936295e+00
1.357581799754503660e-01 5.690221309567573549e-01
-1.947838584361100356e+00 1.571141061607407297e+00
6.485412672015622437e-01 4.185702179572897697e-01
1.483183527551878989e-01 1.620552463927062092e+00
-1.753841062019119601e+00 -1.494380762779402128e+00
-1.671898613361648245e+00 1.248853524324756936e+00
-1.350021430945694378e+00 -2.185868813845082581e+00
-8.487348918112495033e-01 -1.021897047534806591e+00
-2.922273366351602064e-01 6.402350502356302098e-01
-1.883826918307608400e-01 7.076782405171171408e-01
-4.830868824923026938e-01 -1.102649055529189903e+00
-1.931710284749220463e+00 -1.567433558450200159e+00
-9.104658931582496617e-01 -1.293892808139440742e+00
-9.935488843215283250e-01 -1.458834098805027901e+00
-2.149507675212543489e+00 1.513002808939472255e+00
1.787048075602279962e-01 4.565625137790230159e-01
-1.627457348704143270e-01 4.390209027533129582e-01
-1.961711556017854408e+00 1.394002350377796073e+00
5.607053589080424061e-03 7.221013728685372612e-01
-1.240469548222612683e+00 -1.888972127737710061e+00
-1.557264398969581798e+00 -1.163272242717323213e+00
-9.051366835729494076e-01 9.033643043508193804e-01
-1.773592282594685710e+00 -1.364178130222171159e+00
-1.487859598938920502e+00 9.816421959137370257e-01
-1.775894701716203894e+00 -1.925875024097527977e+00
-1.028856489053184164e+00 -1.363679515248295004e-01
-1.685112481332786460e+00 -1.595183008097243560e+00
-1.598724379446146315e+00 -2.771840328915958551e+00
8.554079763176507534e-01 2.218423303234753341e-01
-4.205900314604905654e-01 7.658818754549675534e-01
